#src_name   Eb  Eb_err  redshift
J0004-4736 691.102 177.306 0.880
J0011+0057 757.174 140.075 1.493
J0017-0512 894.583 122.707 0.226
J0023+4456 683.842 163.144 2.023
J0043+3426 1393.55 200.671 0.966
J0050-0452 777.665 146.948 0.922
J0058+3311 1760.78 1229.56 1.369
J0102+4214 427.199 137.516 0.874
J0102+5824 1837.26 143.502 0.644
J0104-2416 449.923 50.4772 1.747
J0157-4614 804.773 223.627 2.287
J0203+3041 892.012 119.688 0.955
J0217-0820 806.104 13.839 0.607
J0237+2848 541.652 19.1125 1.206
J0246-4651 558.366 47.2958 1.385
J0252-2219 435.759 29.3542 1.419
J0303-6211 821.499 116.371 1.348
J0309-6058 577.16 34.0569 1.479
J0315-1031 683.974 171.41 1.565
J0325+2224 518.896 60.0553 2.066
J0422-0643 1130.88 171.741 0.242
J0442-0017 435.506 27.185 0.845
J0449+1121 518.427 11.8069 2.153
J0456-3136 521.239 107.169 0.865
J0507-6104 1051.59 64.4144 1.089
J0516-6207 880.07 73.4408 1.300
J0526-4830 859.992 6.10856 1.300
J0532+0732 625.77 37.1991 1.254
J0533+4822 760.433 65.9231 1.160
J0541-0541 1453.04 13.7469 0.838
J0601-7036 713.838 54.9679 2.409
J0607-0834 773.144 36.5885 0.870
J0608-1520 464.815 64.5118 1.094
J0654+5042 850.089 153.935 1.253
J0654+4514 938.892 184.609 0.928
J0713+1935 591.9 73.8321 0.540
J0721+0406 480.376 73.2831 0.665
J0725+1425 597.108 54.8198 1.038
J0746+2549 465.741 81.4063 2.979
J0805+6144 388.733 4.00779 3.033
J0830+2410 598.902 72.951 0.942
J0840+1312 826.185 360.757 0.680
J0909+0121 995.766 87.6335 1.026
J0920+4441 1211.01 61.2765 2.189
J0921+6215 589.073 36.3831 1.453
J0923+4125 671.019 120.329 1.732
J0946+1017 492.513 61.2651 1.006
J0948+0022 310.199 21.3314 0.585
J0956+2515 495.052 102.273 0.708
J0957+5522 810.53 37.6266 0.899
J1012+2439 614.243 66.5659 1.800
J1018+3542 568.445 107.531 1.228
J1022+3931 497.38 63.6733 0.604
J1032+6051 1208.08 70.7881 1.064
J1033+4116 544.636 96.9042 1.117
J1033+6051 1208.08 70.7881 1.401
J1058+0133 823.648 54.4281 0.888
J1106+2812 693.905 131.334 0.843
J1112+3446 453.559 69.8332 1.956
J1120+0704 1238.71 30.4034 1.336
J1133+0040 786.518 95.7779 1.633
J1146+3958 551.604 24.7372 1.088
J1152-0841 653.247 88.3116 2.367
J1154+6022 684.443 121.116 1.120
J1159+2914 545.847 15.0978 0.725
J1208+5441 417.066 39.7038 1.344
J1222+0413 365.071 39.2115 0.966
J1224+2122 410.377 11.8597 0.434
J1224+5001 695.888 100.146 1.065
J1228+4858 826.484 223.129 1.722
J1239+0443 501.275 31.721 1.761
J1257+3229 776.006 5.1664 0.806
J1303-4621 1672.92 105.603 1.664
J1310+3220 2158.84 95.2553 0.997
J1321+2216 680.369 68.5959 0.943
J1332-1256 1000.3 70.3448 1.492
J1333+5057 770.617 116.358 1.362
J1344-1723 910.135 150.045 2.506
J1345+4452 489.082 17.8429 2.534
J1347-3750 1043.54 11.6342 1.300
J1350+3034 785.728 144.095 0.712
J1423-7829 1160.81 276.735 0.788
J1436+2321 917.059 43.2989 1.548
J1438+3710 558.728 91.0448 2.399
J1439+3712 558.728 91.0448 1.027
J1441-1523 2211.62 144.509 2.642
J1443+2501 823.495 75.6641 0.939
J1504+1029 518.218 15.7041 1.839
J1505+0326 460.085 72.2455 0.409
J1514+4450 893.327 263.449 0.570
J1522+3144 455.924 15.1485 1.484
J1539+2744 708.25 115.264 2.191
J1549+0237 708.928 157.616 0.414
J1550+0527 951.191 214.524 1.417
J1553+1256 728.371 111.319 1.308
J1608+1029 541.379 65.062 1.232
J1613+3412 663.341 77.3065 1.400
J1616+4632 865.442 353.759 0.950
J1617-5848 1302.95 4.03126 1.422
J1635+3808 576.518 0.692871 1.813
J1636+4715 562.113 68.3828 0.823
J1637+4717 562.113 68.3828 0.735
J1703-6212 964.39 7.19346 1.747
J1709+4318 640.833 2.02435 1.027
J1734+3857 759.281 62.6533 0.975
J1802-3940 772.997 4.60601 1.319
J1818+0903 828.146 147.53 0.354
J1903-6749 637.402 63.4014 0.254
J1954-1123 876.808 8.44721 0.683
J1955+1358 1014.62 42.7234 0.743
J1959-4246 712.125 269.764 2.178
J2035+1056 774.356 55.8243 0.601
J2121+1901 904.42 124.656 2.180
J2135-5006 517.705 5.24273 2.181
J2145-3357 634.325 8.04839 1.361
J2157+3127 712.851 47.751 1.448
J2202-8338 811.575 85.8661 1.865
J2212+2355 880.986 149.554 1.125
J2219+1806 789.836 155.082 1.071
J2229-0832 342.184 16.8029 1.560
J2236+2828 637.47 44.7729 0.790
J2237-3921 805.197 61.1576 0.297
J2321+3204 865.625 113.994 1.489
J2331-2148 919.003 117.956 0.563
J2345-1555 874.135 56.1293 0.621
J0013+1907 1146.01 118.797 0.477
J0203+3042 883.193 128.238 0.761
J0334-4008 612.321 53.0401 1.357
J0434-2014 1004.33 42.0597 0.928
J0438-4521 697.509 111.063 2.017
J0516-6207 880.07 73.4408 1.300
J0831+0429 597.518 57.5893 0.174
J1203+6030 1140.32 21.9554 0.065
J1221+2814 780.532 74.8279 0.103
J1221+3010 2590.11 414.858 0.184
J1420+5422 733.23 88.5102 0.153
J1824+5651 620.919 59.3389 0.664
J2015+3709 2481.59 22.3386 0.859
J2206-0029 976.422 260.037 1.053
J2236+2828 637.47 44.7729 0.790
J2353-3034 1422.82 815.943 0.737
