#ln_tau	ln_tauerr_up ln_tauerr_low	tau	tauerr_up	tauerr_low	z
# 3C 279 4.08	0.31	0.26	57.97431108	17.97203643	15.07332088	0.15834
# PKS0521-36 3.67	0.22	0.19	39.25190586	8.635419289	7.457862113	0.36
5.13	0.53	0.39	169.017118	89.57907256	65.91667604	0.048
4.92	0.58	0.46	137.0026132	79.46151565	63.02120207	0.044
5.35	0.57	0.36	210.6082979	120.0467298	75.81898723	0.37
3.82	0.21	0.18	45.60420832	9.576883747	8.208757498	0.859
3.93	0.28	0.24	50.90697767	14.25395375	12.21767464	0.94
3.51	0.19	0.17	33.44826778	6.355170879	5.686205523	1.81396
3.86	0.25	0.22	47.46535137	11.866338	10.442377	0.0686
4.26	0.32	0.26	70.80998345	22.65919471	18.4105957	1.032
4.97	0.39	0.29	144.0268874	56.17048607	41.76779734	0.03002
3.92	0.24	0.21	50.40044478	12.09610675	10.5840934	0.03298
3.57	0.23	0.19	35.51659315	8.168816425	6.748152699	0.3056
4.79	0.37	0.28	120.3013687	44.51150641	33.68438323	0.43383
4.42	0.32	0.26	83.09628536	26.59081131	21.60503419	0.1167
2.99	0.24	0.21	19.88568249	4.772563798	4.175993323	0.31
4.74	0.37	0.29	114.4342017	42.34065462	33.18591849	1.25813
3.27	0.4	0.32	26.31133934	10.52453574	8.41962859	2.099
4.35	0.3	0.24	77.47846293	23.24353888	18.5948311	0.03156
2.73	0.29	0.25	15.33288702	4.446537236	3.833221755	0.46657
3.69	0.38	0.29	40.04484696	15.21704184	11.61300562	1.42284
4.85	0.64	0.39	127.7403898	81.7538495	49.81875204	1.105
3.2	0.38	0.31	24.5325302	9.322361475	7.605084361	2.286
2.8	0.36	0.28	16.44464677	5.920072838	4.604501096	0.954
3.38	0.48	0.38	29.37077111	14.09797013	11.16089302	2.06
4.03	0.49	0.37	56.26091125	27.56784651	20.81653716	0.8116
3.39	0.31	0.27	29.66595227	9.196445204	8.009807113	0.566
4.72	0.62	0.41	112.1682527	69.54431665	45.98898359	1.048
2.85	0.28	0.25	17.28778184	4.840578915	4.32194546	0.633
3.24	0.22	0.2	25.53372175	5.617418784	5.106744349	1.494
2.91	0.3	0.25	18.35679857	5.50703957	4.589199642	0.902
3.57	0.29	0.34	35.51659315	10.29981201	12.07564167	0.63
3.04	0.26	0.22	20.90524324	5.435363241	4.599153512	1.139
3.37	0.36	0.28	29.07852706	10.46826974	8.141987576	0.33
3.11	0.46	0.34	22.4210444	10.31368042	7.623155096	0.518
3.44	0.39	0.3	31.18695817	12.16291369	9.35608745	0.621
3.78	0.42	0.32	43.81604174	18.40273753	14.02113336	0.72474
4.41	0.54	0.4	82.2694635	44.42551029	32.9077854	1.489
4.84	0.58	0.37	126.4693517	73.352224	46.79366014	1.206
2.67	0.2	0.18	14.43996919	2.887993839	2.599194455	0.12926
3.87	0.43	0.33	47.94238608	20.61522601	15.82098741	0.424
3.71	0.34	0.26	40.85380653	13.89029422	10.6219897	0.91609
4.27	0.43	0.32	71.52163562	30.75430332	22.8869234	1.388
3.4	0.28	0.23	29.96410005	8.389948013	6.891743011	0.226
4.73	0.54	0.34	113.2955623	61.17960367	38.5204912	0.68
3.73	0.26	0.21	41.67910816	10.83656812	8.752612714	0.59341
4.47	0.5	0.36	87.35672301	43.67836151	31.44842028	1.038
3.75	0.29	0.23	42.521082	12.33111378	9.77984886	0.8
2.42	0.22	0.20 	11.24585931	2.474089049	2.249171863	0.928
4.13	0.44	0.32	62.17792293	27.35828609	19.89693534	2.54172
3.58	0.26	0.22	35.87354085	9.32712062	7.892178986	0.119
3.71	0.27	0.22	40.85380653	11.03052776	8.987837436	0.723
4.76	0.77	0.45	116.7459259	89.89436294	52.53566665	0.85
3.53	0.29	0.23	34.12396761	9.895950608	7.848512551	0.2
3.12	0.24	0.2	22.64637964	5.435131114	4.529275929	1.76064
3.54	0.33	0.29	34.46691919	11.37408333	9.995406565	0.9
4.13	0.33	0.26	62.17792293	20.51871457	16.16625996	0.13
4.64	0.46	0.32	103.5443476	47.63039989	33.13419123	0.36
4.97	0.76	0.48	144.0268874	109.4604344	69.13290594	1
3.36	0.25	0.22	28.78919088	7.19729772	6.333621993	0.42
3.47	0.29	0.24	32.13674244	9.319655309	7.712818187	0.19
4.76	0.59	0.39	116.7459259	68.88009628	45.5309111	1.02321
4.37	0.51	0.38	79.0436317	40.31225217	30.03658005	1.18906
4.33	0.44	0.31	75.94428657	33.41548609	23.54272884	0.9397
5.16	0.68	0.40 	174.1644556	118.4318298	69.66578224	1.83795
3.69	0.26	0.21	40.04484696	10.41166021	8.409417861	0.322
3.41	0.25	0.21	30.26524426	7.566311065	6.355701294	0.135
2.59	0.17	0.15	13.3297716	2.266061173	1.99946574	0.367
5.2	0.72	0.43	181.2722419	130.5160142	77.94706401	1.408
2.23	0.14	0.13	9.299866079	1.301981251	1.20898259	0.66
4.68	0.49	0.33	107.7700726	52.80733556	35.56412395	1.15
3.35	0.29	0.24	28.50273364	8.265792757	6.840656075	0.3365
#2.63	0.26	0.23	13.8737699	3.607180175	3.190967077	2.69
3.89	0.34	0.27	48.91088652	16.62970142	13.20593936	0.108
3	0.2	0.19	20.08553692	4.017107385	3.816252015	0.941
#
2.62	0.23	0.2	13.73572359	3.159216425	2.747144717	0.242
3.51	0.3	0.24	33.44826778	10.03448034	8.027584268	0.845
3.52	0.31	0.26	33.78442846	10.47317282	8.783951401	2.153
3.81	0.36	0.28	45.15043887	16.25415799	12.64212288	1.254
4.17	0.34	0.27	64.71545211	22.00325372	17.47317207	1.453
3.80 	0.31	0.25	44.70118449	13.85736719	11.17529612	0.558
2.26	0.18	0.17	9.583089167	1.72495605	1.629125158	1.344
4.26	0.47	0.35	70.80998345	33.28069222	24.78349421	0.845
3.69	0.32	0.26	40.04484696	12.81435103	10.41166021	1.492
3.21	0.22	0.19	24.77908622	5.451398969	4.708026383	1.014
3.51	0.22	0.19	33.44826778	7.358618912	6.355170879	1.813
4.41	0.38	0.28	82.2694635	31.26239613	23.03544978	0.735
4.08	0.33	0.26	59.14546985	19.51800505	15.37782216	1.027
3.12	0.23	0.20 	22.64637964	5.208667318	4.529275929	1.071
3.18	0.26	0.23	24.04675355	6.252155924	5.530753317	1.560 
4.96	0.64	0.40 	142.5937959	91.26002937	57.03751836	0.401
3.61	0.31	0.26	36.96605281	11.45947637	9.611173732	0.621
